  0.0303030303030303  0.03284671532846715  0.03557312252964426  0.03846153846153846  0.04147465437788018  0.04455445544554455  0.04761904761904762  0.05056179775280899  0.05325443786982248  0.05555555555555555  0.0573248407643312  0.05844155844155844  0.05882352941176471  0.05844155844155844  0.05732484076433122  0.05555555555555555  0.05325443786982248  0.05056179775280899  0.04761904761904762  0.04455445544554456  0.04147465437788019  0.03846153846153846  0.03557312252964427  0.03284671532846716  0.0303030303030303
  0.03284671532846715  0.03585657370517929  0.03913043478260869  0.04265402843601896  0.04639175257731958  0.05027932960893854  0.05421686746987953  0.05806451612903226  0.06164383561643836  0.06474820143884892  0.06716417910447761  0.06870229007633588  0.06923076923076923  0.06870229007633588  0.06716417910447763  0.06474820143884892  0.06164383561643836  0.05806451612903227  0.05421686746987953  0.05027932960893856  0.0463917525773196  0.04265402843601896  0.03913043478260871  0.03585657370517929  0.03284671532846715
  0.03557312252964426  0.03913043478260869  0.04306220095693779  0.04736842105263157  0.05202312138728323  0.05696202531645569  0.06206896551724136  0.0671641791044776  0.07199999999999999  0.07627118644067796  0.07964601769911503  0.08181818181818182  0.08256880733944953  0.08181818181818182  0.07964601769911504  0.07627118644067796  0.07199999999999999  0.06716417910447761  0.06206896551724136  0.05696202531645569  0.05202312138728324  0.04736842105263157  0.0430622009569378  0.03913043478260871  0.03557312252964426
  0.03846153846153846  0.04265402843601896  0.04736842105263157  0.05263157894736842  0.05844155844155843  0.06474820143884891  0.07142857142857142  0.07826086956521738  0.08490566037735849  0.09090909090909091  0.09574468085106383  0.09890109890109891  0.1  0.09890109890109891  0.09574468085106384  0.09090909090909091  0.0849056603773585  0.07826086956521741  0.07142857142857142  0.06474820143884892  0.05844155844155845  0.05263157894736842  0.04736842105263159  0.04265402843601897  0.03846153846153846
  0.04147465437788018  0.04639175257731958  0.05202312138728323  0.05844155844155843  0.0656934306569343  0.07377049180327867  0.08256880733944953  0.09183673469387753  0.101123595505618  0.1097560975609756  0.1168831168831169  0.1216216216216216  0.1232876712328767  0.1216216216216216  0.1168831168831169  0.1097560975609756  0.101123595505618  0.09183673469387754  0.08256880733944953  0.07377049180327869  0.06569343065693431  0.05844155844155843  0.05202312138728324  0.0463917525773196  0.04147465437788018
  0.04455445544554455  0.05027932960893854  0.05696202531645569  0.06474820143884891  0.07377049180327867  0.08411214953271026  0.09574468085106382  0.108433734939759  0.1216216216216216  0.1343283582089552  0.1451612903225806  0.1525423728813559  0.1551724137931034  0.1525423728813559  0.1451612903225806  0.1343283582089552  0.1216216216216216  0.1084337349397591  0.09574468085106382  0.08411214953271028  0.0737704918032787  0.06474820143884891  0.0569620253164557  0.05027932960893856  0.04455445544554455
  0.04761904761904762  0.05421686746987953  0.06206896551724136  0.07142857142857142  0.08256880733944953  0.09574468085106382  0.1111111111111111  0.1285714285714286  0.1475409836065573  0.1666666666666667  0.1836734693877551  0.1956521739130435  0.2  0.1956521739130435  0.1836734693877551  0.1666666666666667  0.1475409836065574  0.1285714285714286  0.1111111111111111  0.09574468085106384  0.08256880733944957  0.07142857142857142  0.06206896551724139  0.05421686746987953  0.04761904761904762
  0.05056179775280899  0.05806451612903226  0.0671641791044776  0.07826086956521738  0.09183673469387753  0.108433734939759  0.1285714285714286  0.1525423728813559  0.1799999999999999  0.2093023255813953  0.2368421052631578  0.2571428571428571  0.2647058823529411  0.2571428571428571  0.2368421052631579  0.2093023255813953  0.18  0.152542372881356  0.1285714285714286  0.1084337349397591  0.09183673469387758  0.07826086956521738  0.06716417910447761  0.05806451612903227  0.05056179775280899
  0.05325443786982248  0.06164383561643836  0.07199999999999999  0.08490566037735849  0.101123595505618  0.1216216216216216  0.1475409836065573  0.1799999999999999  0.2195121951219512  0.2647058823529412  0.3103448275862068  0.3461538461538461  0.3599999999999999  0.3461538461538461  0.3103448275862069  0.2647058823529412  0.2195121951219512  0.1800000000000001  0.1475409836065573  0.1216216216216216  0.101123595505618  0.08490566037735849  0.07200000000000001  0.06164383561643837  0.05325443786982248
  0.05555555555555555  0.06474820143884892  0.07627118644067796  0.09090909090909091  0.1097560975609756  0.1343283582089552  0.1666666666666667  0.2093023255813953  0.2647058823529412  0.3333333333333333  0.4090909090909091  0.4736842105263158  0.5  0.4736842105263159  0.4090909090909092  0.3333333333333333  0.2647058823529412  0.2093023255813954  0.1666666666666667  0.1343283582089553  0.1097560975609757  0.09090909090909091  0.07627118644067798  0.06474820143884895  0.05555555555555555
  0.0573248407643312  0.06716417910447761  0.07964601769911503  0.09574468085106383  0.1168831168831169  0.1451612903225806  0.1836734693877551  0.2368421052631578  0.3103448275862068  0.4090909090909091  0.5294117647058821  0.6428571428571427  0.6923076923076921  0.6428571428571428  0.5294117647058825  0.4090909090909091  0.3103448275862069  0.236842105263158  0.1836734693877551  0.1451612903225807  0.1168831168831169  0.09574468085106383  0.07964601769911506  0.06716417910447764  0.0573248407643312
  0.05844155844155844  0.06870229007633588  0.08181818181818182  0.09890109890109891  0.1216216216216216  0.1525423728813559  0.1956521739130435  0.2571428571428571  0.3461538461538461  0.4736842105263158  0.6428571428571427  0.8181818181818181  0.8999999999999999  0.8181818181818182  0.6428571428571431  0.4736842105263158  0.3461538461538462  0.2571428571428573  0.1956521739130435  0.152542372881356  0.1216216216216217  0.09890109890109891  0.08181818181818183  0.06870229007633591  0.05844155844155844
  0.05882352941176471  0.06923076923076923  0.08256880733944953  0.1  0.1232876712328767  0.1551724137931034  0.2  0.2647058823529411  0.3599999999999999  0.5  0.6923076923076921  0.8999999999999999  1  0.9000000000000001  0.6923076923076926  0.5  0.3600000000000002  0.2647058823529413  0.2  0.1551724137931035  0.1232876712328768  0.1  0.08256880733944956  0.06923076923076925  0.05882352941176471
  0.05844155844155844  0.06870229007633588  0.08181818181818182  0.09890109890109891  0.1216216216216216  0.1525423728813559  0.1956521739130435  0.2571428571428571  0.3461538461538461  0.4736842105263159  0.6428571428571428  0.8181818181818182  0.9000000000000001  0.8181818181818185  0.6428571428571433  0.4736842105263159  0.3461538461538463  0.2571428571428573  0.1956521739130435  0.152542372881356  0.1216216216216217  0.09890109890109891  0.08181818181818183  0.06870229007633591  0.05844155844155844
  0.05732484076433122  0.06716417910447763  0.07964601769911503  0.09574468085106384  0.1168831168831169  0.1451612903225806  0.1836734693877551  0.2368421052631579  0.3103448275862069  0.4090909090909092  0.5294117647058825  0.6428571428571431  0.6923076923076926  0.6428571428571432  0.5294117647058827  0.4090909090909092  0.3103448275862071  0.236842105263158  0.1836734693877551  0.1451612903225807  0.1168831168831169  0.09574468085106384  0.07964601769911506  0.06716417910447764  0.05732484076433122
  0.05555555555555555  0.06474820143884892  0.07627118644067796  0.09090909090909091  0.1097560975609756  0.1343283582089552  0.1666666666666667  0.2093023255813953  0.2647058823529412  0.3333333333333333  0.4090909090909091  0.4736842105263158  0.5  0.4736842105263159  0.4090909090909092  0.3333333333333333  0.2647058823529412  0.2093023255813954  0.1666666666666667  0.1343283582089553  0.1097560975609757  0.09090909090909091  0.07627118644067798  0.06474820143884895  0.05555555555555555
  0.05325443786982248  0.06164383561643836  0.07199999999999999  0.0849056603773585  0.101123595505618  0.1216216216216216  0.1475409836065574  0.18  0.2195121951219512  0.2647058823529412  0.310344827586207  0.3461538461538463  0.3600000000000002  0.3461538461538463  0.3103448275862071  0.2647058823529412  0.2195121951219513  0.1800000000000001  0.1475409836065574  0.1216216216216217  0.101123595505618  0.0849056603773585  0.07200000000000002  0.06164383561643839  0.05325443786982248
  0.05056179775280899  0.05806451612903227  0.06716417910447761  0.07826086956521741  0.09183673469387754  0.1084337349397591  0.1285714285714286  0.152542372881356  0.1800000000000001  0.2093023255813954  0.236842105263158  0.2571428571428573  0.2647058823529413  0.2571428571428573  0.236842105263158  0.2093023255813954  0.1800000000000001  0.152542372881356  0.1285714285714286  0.1084337349397591  0.0918367346938776  0.07826086956521741  0.06716417910447763  0.05806451612903228  0.05056179775280899
  0.04761904761904762  0.05421686746987953  0.06206896551724136  0.07142857142857142  0.08256880733944953  0.09574468085106382  0.1111111111111111  0.1285714285714286  0.1475409836065573  0.1666666666666667  0.1836734693877551  0.1956521739130435  0.2  0.1956521739130435  0.1836734693877551  0.1666666666666667  0.1475409836065574  0.1285714285714286  0.1111111111111111  0.09574468085106384  0.08256880733944957  0.07142857142857142  0.06206896551724139  0.05421686746987953  0.04761904761904762
  0.04455445544554456  0.05027932960893856  0.05696202531645569  0.06474820143884892  0.07377049180327869  0.08411214953271028  0.09574468085106384  0.1084337349397591  0.1216216216216216  0.1343283582089553  0.1451612903225807  0.152542372881356  0.1551724137931035  0.152542372881356  0.1451612903225807  0.1343283582089553  0.1216216216216217  0.1084337349397591  0.09574468085106384  0.0841121495327103  0.07377049180327871  0.06474820143884892  0.05696202531645572  0.05027932960893856  0.04455445544554456
  0.04147465437788019  0.0463917525773196  0.05202312138728324  0.05844155844155845  0.06569343065693432  0.0737704918032787  0.08256880733944957  0.09183673469387758  0.101123595505618  0.1097560975609757  0.1168831168831169  0.1216216216216217  0.1232876712328768  0.1216216216216217  0.116883116883117  0.1097560975609757  0.101123595505618  0.09183673469387761  0.08256880733944957  0.07377049180327871  0.06569343065693434  0.05844155844155845  0.05202312138728326  0.04639175257731961  0.04147465437788019
  0.03846153846153846  0.04265402843601896  0.04736842105263157  0.05263157894736842  0.05844155844155843  0.06474820143884891  0.07142857142857142  0.07826086956521738  0.08490566037735849  0.09090909090909091  0.09574468085106383  0.09890109890109891  0.1  0.09890109890109891  0.09574468085106384  0.09090909090909091  0.0849056603773585  0.07826086956521741  0.07142857142857142  0.06474820143884892  0.05844155844155845  0.05263157894736842  0.04736842105263159  0.04265402843601897  0.03846153846153846
  0.03557312252964427  0.03913043478260871  0.0430622009569378  0.04736842105263159  0.05202312138728324  0.0569620253164557  0.06206896551724139  0.06716417910447761  0.07200000000000001  0.07627118644067798  0.07964601769911506  0.08181818181818183  0.08256880733944956  0.08181818181818183  0.07964601769911507  0.07627118644067798  0.07200000000000002  0.06716417910447763  0.06206896551724139  0.05696202531645572  0.05202312138728325  0.04736842105263159  0.04306220095693781  0.03913043478260871  0.03557312252964427
  0.03284671532846716  0.03585657370517929  0.03913043478260871  0.04265402843601897  0.0463917525773196  0.05027932960893856  0.05421686746987953  0.05806451612903227  0.06164383561643837  0.06474820143884895  0.06716417910447764  0.06870229007633591  0.06923076923076925  0.06870229007633591  0.06716417910447764  0.06474820143884895  0.06164383561643837  0.05806451612903228  0.05421686746987953  0.05027932960893856  0.04639175257731961  0.04265402843601897  0.03913043478260871  0.03585657370517929  0.03284671532846716
  0.0303030303030303  0.03284671532846715  0.03557312252964426  0.03846153846153846  0.04147465437788018  0.04455445544554455  0.04761904761904762  0.05056179775280899  0.05325443786982248  0.05555555555555555  0.0573248407643312  0.05844155844155844  0.05882352941176471  0.05844155844155844  0.05732484076433122  0.05555555555555555  0.05325443786982248  0.05056179775280899  0.04761904761904762  0.04455445544554456  0.04147465437788019  0.03846153846153846  0.03557312252964427  0.03284671532846716  0.0303030303030303
